   0.0000000000000000       -29.262100819825569     
   1.8000000000000003       -29.249713808198045     
   3.6000000000000005       -29.212563845076364     
   5.4000000000000004       -29.150815087098810     
   7.2000000000000011       -29.064650767179689     
   9.0000000000000000       -28.954410795406282     
   10.800000000000001       -28.820444289848112     
   12.600000000000001       -28.663265582093899     
   14.400000000000002       -28.483379545322897     
   16.200000000000003       -28.281472444783574     
   18.000000000000000       -28.058235867791208     
   19.799999999999997       -27.814388389698038     
   21.600000000000001       -27.550910814938909     
   23.400000000000002       -27.268625032519701     
   25.200000000000003       -26.968519447276687     
   27.000000000000000       -26.651738113911883     
   28.800000000000004       -26.319265451841165     
   30.600000000000005       -25.994171182717512     
   32.400000000000006       -25.665737349616048     
   34.199999999999996       -25.326290328120709     
   36.000000000000000       -24.976974449882732     
   37.800000000000004       -24.618990496887001     
   39.599999999999994       -24.253578105851982     
   41.399999999999999       -23.881997572825526     
   43.200000000000003       -23.505454450167061     
   45.000000000000000       -23.175173978409195     
   46.800000000000004       -22.846651378181999     
   48.599999999999994       -22.517074969237690     
   50.400000000000006       -22.187472671382217     
   52.200000000000003       -21.929951309681201     
   54.000000000000000       -21.674667308984464     
   55.799999999999997       -21.421557720945973     
   57.600000000000009       -21.242368544847569     
   59.400000000000013       -21.087919278958097     
   61.200000000000010       -21.002509541648777     
   63.000000000000000       -20.965136280409880     
   64.800000000000011       -21.037623862510770     
   66.600000000000009       -21.154720673317492     
   68.399999999999991       -21.410149790685971     
   70.200000000000003       -21.845373852128112     
   72.000000000000000       -22.450710041966417     
   73.799999999999997       -23.358026288482176     
   75.600000000000009       -24.658905380097011     
   77.399999999999991       -26.542354198742096     
   79.199999999999989       -29.382382465438248     
   81.000000000000000       -34.054757979732059     
   82.799999999999997       -42.923998393680847     
   84.599999999999994       -65.526018389298770     
   86.400000000000006       -150.22684269029742     
   88.200000000000003       -350.19304945648219     
   90.000000000000000       -543.69990836744819     
   91.799999999999997       -691.20920403610398     
   93.600000000000009       -792.53384899772482     
   95.400000000000006       -847.94663822098209     
   97.199999999999989       -857.68535772818905     
   99.000000000000014       -822.08104828466185     
   100.80000000000001       -741.98811827053487     
   102.59999999999999       -618.01139846583828     
   104.40000000000001       -451.26086576813395     
   106.19999999999999       -285.34107439634636     
   108.00000000000000       -160.85977034958250     
   109.80000000000000       -86.213582433641818     
   111.59999999999999       -51.784529473497457     
   113.40000000000001       -37.472959416039231     
   115.20000000000002       -30.597849340952511     
   117.00000000000000       -26.756816374572786     
   118.80000000000003       -24.358307271695317     
   120.60000000000001       -22.749161688442065     
   122.40000000000002       -21.635325210910654     
   124.20000000000000       -20.847471574943260     
   126.00000000000000       -20.297952399350226     
   127.80000000000001       -19.895875614629258     
   129.60000000000002       -19.627412937742822     
   131.40000000000001       -19.479373055923418     
   133.20000000000002       -19.380213389873216     
   135.00000000000000       -19.347777507437844     
   136.79999999999998       -19.368494241417107     
   138.59999999999999       -19.431263680839006     
   140.40000000000001       -19.510858485167020     
   142.20000000000002       -19.647220251121151     
   144.00000000000000       -19.782650074821248     
   145.79999999999998       -19.916499731307923     
   147.59999999999999       -20.077918447761789     
   149.40000000000003       -20.256655804657587     
   151.20000000000002       -20.430227580548930     
   153.00000000000000       -20.597786099594526     
   154.79999999999998       -20.758620480498994     
   156.59999999999997       -20.933746796798538     
   158.39999999999998       -21.109222100591509     
   160.20000000000002       -21.273819595751590     
   162.00000000000000       -21.426712966980112     
   163.79999999999998       -21.567315938399489     
   165.59999999999999       -21.694883413012491     
   167.40000000000001       -21.808844381416147     
   169.19999999999999       -21.908704365032076     
   171.00000000000000       -21.993970657377297     
   172.80000000000001       -22.064291570120822     
   174.59999999999999       -22.119302494655589     
   176.40000000000001       -22.158796642202365     
   178.20000000000002       -22.192169462947430     
   180.00000000000000       -22.190491416460944     
