   0.0000000000000000       -25.853694057634268     
   1.8000000000000003       -25.841522988936532     
   3.6000000000000005       -25.805024705464476     
   5.4000000000000004       -25.743914802271664     
   7.2000000000000011       -25.686511650659934     
   9.0000000000000000       -25.633152204456625     
   10.800000000000001       -25.562803480243986     
   12.600000000000001       -25.472467024599297     
   14.400000000000002       -25.403067337266855     
   16.200000000000003       -25.369406302019868     
   18.000000000000000       -25.308682304076136     
   19.799999999999997       -25.327359523646479     
   21.600000000000001       -25.328764172871942     
   23.400000000000002       -25.364527118197852     
   25.200000000000003       -25.426265457351949     
   27.000000000000000       -25.575181972542225     
   28.800000000000004       -25.688457733565087     
   30.600000000000005       -25.882664228138747     
   32.400000000000006       -26.114959117286869     
   34.199999999999996       -26.318041932248818     
   36.000000000000000       -26.559875449695834     
   37.800000000000004       -26.821599877526026     
   39.599999999999994       -27.038877010239588     
   41.399999999999999       -27.204345367637142     
   43.200000000000003       -27.307911594670944     
   45.000000000000000       -27.305461885353516     
   46.800000000000004       -27.250260921720802     
   48.599999999999994       -27.053907840948234     
   50.400000000000006       -26.723929835867676     
   52.200000000000003       -26.286871471116079     
   54.000000000000000       -25.766611350042830     
   55.799999999999997       -25.185792462776114     
   57.600000000000009       -24.563928416281279     
   59.400000000000013       -23.918447529068928     
   61.200000000000010       -23.264491091017501     
   63.000000000000000       -22.615086063651582     
   64.800000000000011       -21.981291772718759     
   66.600000000000009       -21.435320022458296     
   68.399999999999991       -20.921964313096215     
   70.200000000000003       -20.445757358826079     
   72.000000000000000       -20.033845595906531     
   73.799999999999997       -19.690309715137676     
   75.600000000000009       -19.387514006490679     
   77.399999999999991       -19.125458122501300     
   79.199999999999989       -18.903680834308204     
   81.000000000000000       -18.721221508059330     
   82.799999999999997       -18.576933342199698     
   84.599999999999994       -18.483885879403850     
   86.400000000000006       -18.422943207616871     
   88.200000000000003       -18.390003756501052     
   90.000000000000000       -18.382829885484099     
   91.799999999999997       -18.399303546385603     
   93.600000000000009       -18.437287115570811     
   95.400000000000006       -18.494523798015841     
   97.199999999999989       -18.568885113991453     
   99.000000000000014       -18.671755303479465     
   100.80000000000001       -18.795938727983817     
   102.59999999999999       -18.934377147821117     
   104.40000000000001       -19.084772153858172     
   106.19999999999999       -19.244918715433148     
   108.00000000000000       -19.412630481023374     
   109.80000000000000       -19.585810154102106     
   111.59999999999999       -19.785974491900213     
   113.40000000000001       -20.008302523268704     
   115.20000000000002       -20.229779910266132     
   117.00000000000000       -20.447498149907084     
   118.80000000000003       -20.688218808617911     
   120.60000000000001       -20.937783938752165     
   122.40000000000002       -21.170884055175392     
   124.20000000000000       -21.383353386937554     
   126.00000000000000       -21.570900013398781     
   127.80000000000001       -21.744735049623344     
   129.60000000000002       -21.897427116930015     
   131.40000000000001       -22.003036854647799     
   133.20000000000002       -22.056701710435693     
   135.00000000000000       -22.054610277362109     
   136.79999999999998       -21.992344668981172     
   138.59999999999999       -21.867770564669161     
   140.40000000000001       -21.685596002441706     
   142.20000000000002       -21.479960862880780     
   144.00000000000000       -21.221286717981791     
   145.79999999999998       -20.910299918689326     
   147.59999999999999       -20.562392251071532     
   149.40000000000003       -20.231775566608071     
   151.20000000000002       -19.866911034402488     
   153.00000000000000       -19.527749535232083     
   154.79999999999998       -19.188442655379585     
   156.59999999999997       -18.834736524952014     
   158.39999999999998       -18.527418561575626     
   160.20000000000002       -18.229495088651944     
   162.00000000000000       -17.936225005782681     
   163.79999999999998       -17.702307946315578     
   165.59999999999999       -17.478662719169005     
   167.40000000000001       -17.269525970103079     
   169.19999999999999       -17.097058060020114     
   171.00000000000000       -16.960592980835006     
   172.80000000000001       -16.844605815219662     
   174.59999999999999       -16.751938808156030     
   176.40000000000001       -16.684115333706771     
   178.20000000000002       -16.627967662708919     
   180.00000000000000       -16.629071897931045     
