   0.0000000000000000       -29.887338817981647     
   1.8000000000000003       -29.869202639778550     
   3.6000000000000005       -29.814814267755420     
   5.4000000000000004       -29.723978498605973     
   7.2000000000000011       -29.620234644243791     
   9.0000000000000000       -29.513923304663731     
   10.800000000000001       -29.379270083778405     
   12.600000000000001       -29.213554160511947     
   14.400000000000002       -29.014840076165157     
   16.200000000000003       -28.873595694480777     
   18.000000000000000       -28.707812093098223     
   19.799999999999997       -28.502069373541701     
   21.600000000000001       -28.383260936448210     
   23.400000000000002       -28.213362275083092     
   25.200000000000003       -28.042884790076258     
   27.000000000000000       -27.908017935883048     
   28.800000000000004       -27.784447407043977     
   30.600000000000005       -27.665308493322545     
   32.400000000000006       -27.535320734529208     
   34.199999999999996       -27.414161757660725     
   36.000000000000000       -27.331339672519956     
   37.800000000000004       -27.185548463672948     
   39.599999999999994       -27.095786415434105     
   41.399999999999999       -26.960622427070213     
   43.200000000000003       -26.838468574351069     
   45.000000000000000       -26.705350931847594     
   46.800000000000004       -26.528317329918139     
   48.599999999999994       -26.340941679376215     
   50.400000000000006       -26.118355667638124     
   52.200000000000003       -25.920930580863036     
   54.000000000000000       -25.661474116388700     
   55.799999999999997       -25.389223083524065     
   57.600000000000009       -25.113820568998236     
   59.400000000000013       -24.797791499747049     
   61.200000000000010       -24.524534056215391     
   63.000000000000000       -24.218348208571694     
   64.800000000000011       -23.894379046314203     
   66.600000000000009       -23.596087397612905     
   68.399999999999991       -23.322553305621160     
   70.200000000000003       -23.053314985997670     
   72.000000000000000       -22.796562121746362     
   73.799999999999997       -22.558378502442473     
   75.600000000000009       -22.353738694954881     
   77.399999999999991       -22.191366784430841     
   79.199999999999989       -22.052701515558432     
   81.000000000000000       -21.939143261730234     
   82.799999999999997       -21.851148936740337     
   84.599999999999994       -21.788083313213594     
   86.400000000000006       -21.748676027860334     
   88.200000000000003       -21.731047444501336     
   90.000000000000000       -21.732625119841501     
   91.799999999999997       -21.750515048708834     
   93.600000000000009       -21.781421871954169     
   95.400000000000006       -21.821645401598339     
   97.199999999999989       -21.867258993998629     
   99.000000000000014       -21.914061311409231     
   100.80000000000001       -21.957634471365690     
   102.59999999999999       -21.993331231403580     
   104.40000000000001       -22.016361469904247     
   106.19999999999999       -22.029402168553663     
   108.00000000000000       -22.054304266397089     
   109.80000000000000       -22.059072446398300     
   111.59999999999999       -22.039193989901747     
   113.40000000000001       -21.989868282565986     
   115.20000000000002       -21.962161991396407     
   117.00000000000000       -21.913178841693775     
   118.80000000000003       -21.830137280076336     
   120.60000000000001       -21.741135844921573     
   122.40000000000002       -21.662528719176141     
   124.20000000000000       -21.547074765953766     
   126.00000000000000       -21.465770207595707     
   127.80000000000001       -21.363155127529019     
   129.60000000000002       -21.228746117160281     
   131.40000000000001       -21.141931729954571     
   133.20000000000002       -21.020364147110396     
   135.00000000000000       -20.940021509124961     
   136.79999999999998       -20.843090244416189     
   138.59999999999999       -20.722377151492250     
   140.40000000000001       -20.650333278039845     
   142.20000000000002       -20.549848629131837     
   144.00000000000000       -20.474847140334592     
   145.79999999999998       -20.404620701943912     
   147.59999999999999       -20.315511582085652     
   149.40000000000003       -20.275126725230479     
   151.20000000000002       -20.215293332191262     
   153.00000000000000       -20.137532302238700     
   154.79999999999998       -20.093996812496201     
   156.59999999999997       -20.049680990244404     
   158.39999999999998       -19.993347500221851     
   160.20000000000002       -19.943689529173376     
   162.00000000000000       -19.918758225383712     
   163.79999999999998       -19.886772390428536     
   165.59999999999999       -19.850467895709187     
   167.40000000000001       -19.812020747094575     
   169.19999999999999       -19.773446904163844     
   171.00000000000000       -19.737014487346684     
   172.80000000000001       -19.718408053433567     
   174.59999999999999       -19.706917538831281     
   176.40000000000001       -19.697786762832528     
   178.20000000000002       -19.691664292110485     
   180.00000000000000       -19.690040088981569     
