   0.0000000000000000       -30.026569740303639     
   1.8000000000000003       -30.011464777274810     
   3.6000000000000005       -29.966167553762929     
   5.4000000000000004       -29.890418699948881     
   7.2000000000000011       -29.784014735336456     
   9.0000000000000000       -29.646508180440375     
   10.800000000000001       -29.477566368616326     
   12.600000000000001       -29.276673537247824     
   14.400000000000002       -29.059760356102402     
   16.200000000000003       -28.872037835045028     
   18.000000000000000       -28.655017181096387     
   19.799999999999997       -28.407396572252935     
   21.600000000000001       -28.186991369450961     
   23.400000000000002       -27.986654408269530     
   25.200000000000003       -27.749985561658860     
   27.000000000000000       -27.560767371719990     
   28.800000000000004       -27.385651167623060     
   30.600000000000005       -27.280510048994291     
   32.400000000000006       -27.160448873825825     
   34.199999999999996       -27.124116256965650     
   36.000000000000000       -27.119594526293206     
   37.800000000000004       -27.146468782934651     
   39.599999999999994       -27.251412464397134     
   41.399999999999999       -27.393376552004700     
   43.200000000000003       -27.557621259852464     
   45.000000000000000       -27.675842745402775     
   46.800000000000004       -27.822336932987874     
   48.599999999999994       -27.920109691430703     
   50.400000000000006       -27.857892417602311     
   52.200000000000003       -27.693399729970050     
   54.000000000000000       -27.349554312458203     
   55.799999999999997       -26.868848850918493     
   57.600000000000009       -26.226038424407879     
   59.400000000000013       -25.475904390425910     
   61.200000000000010       -24.669466958043134     
   63.000000000000000       -23.852828805100714     
   64.800000000000011       -23.066365985135967     
   66.600000000000009       -22.343817611439988     
   68.399999999999991       -21.711704016001597     
   70.200000000000003       -21.198152006304614     
   72.000000000000000       -20.796777348857919     
   73.799999999999997       -20.516449141945053     
   75.600000000000009       -20.369553171167155     
   77.399999999999991       -20.341500786708565     
   79.199999999999989       -20.420264985670318     
   81.000000000000000       -20.603488637487860     
   82.799999999999997       -20.938520149242439     
   84.599999999999994       -21.347546027857454     
   86.400000000000006       -21.881090858227488     
   88.200000000000003       -22.467077857559762     
   90.000000000000000       -23.079581890608090     
   91.799999999999997       -23.658024498913335     
   93.600000000000009       -24.173747634018010     
   95.400000000000006       -24.530398752926942     
   97.199999999999989       -24.710985643673176     
   99.000000000000014       -24.706110476056370     
   100.80000000000001       -24.515783175487467     
   102.59999999999999       -24.145814709471136     
   104.40000000000001       -23.727598286652533     
   106.19999999999999       -23.207781707287907     
   108.00000000000000       -22.730877409264259     
   109.80000000000000       -22.257610225294407     
   111.59999999999999       -21.841864921849194     
   113.40000000000001       -21.509236126788945     
   115.20000000000002       -21.207273112968593     
   117.00000000000000       -20.995300703523373     
   118.80000000000003       -20.824979178116127     
   120.60000000000001       -20.725789022699985     
   122.40000000000002       -20.676433535054880     
   124.20000000000000       -20.643654935945428     
   126.00000000000000       -20.641295051916135     
   127.80000000000001       -20.688452813713159     
   129.60000000000002       -20.736351014955275     
   131.40000000000001       -20.777524690483045     
   133.20000000000002       -20.839935396417143     
   135.00000000000000       -20.899857323727243     
   136.79999999999998       -20.932487681853846     
   138.59999999999999       -20.930572520807484     
   140.40000000000001       -20.915330535555015     
   142.20000000000002       -20.896471169450699     
   144.00000000000000       -20.834259297913611     
   145.79999999999998       -20.758306658736466     
   147.59999999999999       -20.683901998734914     
   149.40000000000003       -20.569126826632569     
   151.20000000000002       -20.481046862541490     
   153.00000000000000       -20.377016060087552     
   154.79999999999998       -20.242947971846856     
   156.59999999999997       -20.152730533756198     
   158.39999999999998       -20.051012615319713     
   160.20000000000002       -19.943323092402633     
   162.00000000000000       -19.880434803577280     
   163.79999999999998       -19.808534009643171     
   165.59999999999999       -19.731884705119999     
   167.40000000000001       -19.653905395309813     
   169.19999999999999       -19.619517843355929     
   171.00000000000000       -19.586076268235853     
   172.80000000000001       -19.555268680478221     
   174.59999999999999       -19.529340908687331     
   176.40000000000001       -19.509492514252422     
   178.20000000000002       -19.494898466222150     
   180.00000000000000       -19.492975595484019     
