   0.0000000000000000       -29.891260429054149     
   1.8000000000000003       -29.873018257239416     
   3.6000000000000005       -29.818311762348724     
   5.4000000000000004       -29.726973346833319     
   7.2000000000000011       -29.627945053043305     
   9.0000000000000000       -29.518410772102964     
   10.800000000000001       -29.380545082042858     
   12.600000000000001       -29.211985879086967     
   14.400000000000002       -29.011005833190300     
   16.200000000000003       -28.863202865196715     
   18.000000000000000       -28.696504481055797     
   19.799999999999997       -28.491428392557136     
   21.600000000000001       -28.369798090165297     
   23.400000000000002       -28.204804806436059     
   25.200000000000003       -28.038845955089528     
   27.000000000000000       -27.912107112150206     
   28.800000000000004       -27.800042712455632     
   30.600000000000005       -27.687554143494921     
   32.400000000000006       -27.569913144907829     
   34.199999999999996       -27.447922706015468     
   36.000000000000000       -27.368959562873837     
   37.800000000000004       -27.211699708224366     
   39.599999999999994       -27.111314517163862     
   41.399999999999999       -26.955780225020362     
   43.200000000000003       -26.811430296010794     
   45.000000000000000       -26.649208088530859     
   46.800000000000004       -26.459215848138722     
   48.599999999999994       -26.249700083002470     
   50.400000000000006       -26.035232657901819     
   52.200000000000003       -25.840168617562060     
   54.000000000000000       -25.612653029248875     
   55.799999999999997       -25.373899439011282     
   57.600000000000009       -25.143159518757660     
   59.400000000000013       -24.881717158319233     
   61.200000000000010       -24.642843858966359     
   63.000000000000000       -24.354351504260404     
   64.800000000000011       -24.030655784282317     
   66.600000000000009       -23.741636344042842     
   68.399999999999991       -23.429371097596096     
   70.200000000000003       -23.109718285818357     
   72.000000000000000       -22.797620142430802     
   73.799999999999997       -22.506179952693120     
   75.600000000000009       -22.246574591327999     
   77.399999999999991       -22.034819043706623     
   79.199999999999989       -21.879103574857254     
   81.000000000000000       -21.770567571481262     
   82.799999999999997       -21.708357294570174     
   84.599999999999994       -21.687934801455445     
   86.400000000000006       -21.702325319933529     
   88.200000000000003       -21.742753147799604     
   90.000000000000000       -21.799440266100053     
   91.799999999999997       -21.862869411947859     
   93.600000000000009       -21.924399947848570     
   95.400000000000006       -21.977013469599058     
   97.199999999999989       -22.015662507960148     
   99.000000000000014       -22.037334489816722     
   100.80000000000001       -22.041073848405937     
   102.59999999999999       -22.027258423161665     
   104.40000000000001       -21.997278791550883     
   106.19999999999999       -21.973036536402500     
   108.00000000000000       -21.964276609803672     
   109.80000000000000       -21.946752551478760     
   111.59999999999999       -21.918480861940239     
   113.40000000000001       -21.888421208846911     
   115.20000000000002       -21.885760270809122     
   117.00000000000000       -21.862741640904897     
   118.80000000000003       -21.811880233978549     
   120.60000000000001       -21.754160406179953     
   122.40000000000002       -21.702103656541208     
   124.20000000000000       -21.608500724924095     
   126.00000000000000       -21.526875710288568     
   127.80000000000001       -21.428562102700262     
   129.60000000000002       -21.284577367452375     
   131.40000000000001       -21.182529795723184     
   133.20000000000002       -21.046677437867498     
   135.00000000000000       -20.946951643575161     
   136.79999999999998       -20.834689916906125     
   138.59999999999999       -20.704186320755745     
   140.40000000000001       -20.622415621029187     
   142.20000000000002       -20.515376913349598     
   144.00000000000000       -20.445765153109797     
   145.79999999999998       -20.377094504841732     
   147.59999999999999       -20.298000225793196     
   149.40000000000003       -20.263882764717025     
   151.20000000000002       -20.212039854936343     
   153.00000000000000       -20.143110699462873     
   154.79999999999998       -20.104848912920140     
   156.59999999999997       -20.066271323708072     
   158.39999999999998       -20.013965793092844     
   160.20000000000002       -19.960527722145962     
   162.00000000000000       -19.934910492772147     
   163.79999999999998       -19.899981679467142     
   165.59999999999999       -19.858715781327600     
   167.40000000000001       -19.813610512134609     
   169.19999999999999       -19.767128037735205     
   171.00000000000000       -19.722284036427080     
   172.80000000000001       -19.701288647980057     
   174.59999999999999       -19.684312526565240     
   176.40000000000001       -19.670798924023014     
   178.20000000000002       -19.660964208805890     
   180.00000000000000       -19.659314955802508     
