   0.0000000000000000       -43.822034865065056     
   3.1415926535897934E-002  -43.777795654925306     
   6.2831853071795868E-002  -43.645106923223480     
   9.4247779607693788E-002  -43.425730823689882     
  0.12566370614359174       -43.121432102813962     
  0.15707963267948966       -42.735703894384081     
  0.18849555921538758       -42.271871679166132     
  0.21991148575128552       -41.734995829897557     
  0.25132741228718347       -41.129671421264440     
  0.28274333882308139       -40.462276607518064     
  0.31415926535897931       -39.738794016153435     
  0.34557519189487723       -38.965076575199568     
  0.37699111843077515       -38.149342861115151     
  0.40840704496667313       -37.297482046429572     
  0.43982297150257105       -36.416579583275322     
  0.47123889803846891       -35.514559797713666     
  0.50265482457436694       -34.597099134723528     
  0.53407075111026492       -33.671359588167569     
  0.56548667764616278       -32.743799866239392     
  0.59690260418206065       -31.820086687826748     
  0.62831853071795862       -30.905464428610774     
  0.65973445725385660       -30.004919458891155     
  0.69115038378975446       -29.122995224359506     
  0.72256631032565233       -28.263654196041493     
  0.75398223686155030       -27.429840052092189     
  0.78539816339744828       -26.624944621195610     
  0.81681408993334625       -25.850470985297125     
  0.84823001646924412       -25.108770911601283     
  0.87964594300514209       -24.400759669004682     
  0.91106186954104007       -23.727279196251676     
  0.94247779607693782       -23.089211241878875     
  0.97389372261283580       -22.486276752730575     
   1.0053096491487339       -21.918499733518260     
   1.0367255756846319       -21.385442287452900     
   1.0681415022205298       -20.887293939171059     
   1.0995574287564276       -20.439846552141290     
   1.1309733552923256       -20.024483272856255     
   1.1623892818282235       -19.640125109100353     
   1.1938052083641213       -19.285620580463796     
   1.2252211349000193       -18.959871339231466     
   1.2566370614359172       -18.661841794103864     
   1.2880529879718150       -18.390238729985583     
   1.3194689145077132       -18.144206515277308     
   1.3508848410436110       -17.922677082869100     
   1.3823007675795089       -17.724717354954439     
   1.4137166941154069       -17.549449269772495     
   1.4451326206513047       -17.396185099893351     
   1.4765485471872029       -17.264147338882722     
   1.5079644737231006       -17.152734990936690     
   1.5393804002589986       -17.061439287976654     
   1.5707963267948966       -16.989650749919310     
   1.6022122533307945       -16.936918626098791     
   1.6336281798666925       -16.902822349411476     
   1.6650441064025905       -16.886833852276133     
   1.6964600329384882       -16.888499543854945     
   1.7278759594743862       -16.907368380644872     
   1.7592918860102842       -16.942817241336044     
   1.7907078125461819       -16.994328274525103     
   1.8221237390820801       -17.061198904817495     
   1.8535396656179779       -17.142714423878051     
   1.8849555921538756       -17.238060982443365     
   1.9163715186897738       -17.346482557719359     
   1.9477874452256716       -17.466977587126486     
   1.9792033717615698       -17.598617706729321     
   2.0106192982974678       -17.740467247312633     
   2.0420352248333655       -17.891480002119522     
   2.0734511513692637       -18.075374433954977     
   2.1048670779051615       -18.270186589720048     
   2.1362830044410597       -18.472589669191166     
   2.1676989309769574       -18.681478849799795     
   2.1991148575128552       -18.895844175191197     
   2.2305307840487534       -19.114737954956116     
   2.2619467105846511       -19.348928575063695     
   2.2933626371205489       -19.614275101756846     
   2.3247785636564471       -19.882218206028529     
   2.3561944901923448       -20.151731011267767     
   2.3876104167282426       -20.422023315070035     
   2.4190263432641408       -20.692104093110210     
   2.4504422698000385       -20.961159166058646     
   2.4818581963359367       -21.274028188240344     
   2.5132741228718345       -21.587686379752302     
   2.5446900494077322       -21.897209937110727     
   2.5761059759436300       -22.201499552626622     
   2.6075219024795286       -22.499342116370382     
   2.6389378290154264       -22.819332042494405     
   2.6703537555513241       -23.152470603133839     
   2.7017696820872219       -23.473966409642664     
   2.7331856086231197       -23.782053399094465     
   2.7646015351590179       -24.075367654115535     
   2.7960174616949161       -24.352389275420723     
   2.8274333882308138       -24.623371361670852     
   2.8588493147667116       -24.906374579075155     
   2.8902652413026093       -25.164765188200029     
   2.9216811678385075       -25.396980958024756     
   2.9530970943744057       -25.601621157220485     
   2.9845130209103035       -25.777203912294961     
   3.0159289474462012       -25.922663903623366     
   3.0473448739820994       -26.036828708420572     
   3.0787608005179972       -26.119046063299962     
   3.1101767270538954       -26.187909183589490     
   3.1415926535897931       -26.185149169515142     
