   0.0000000000000000       -31.126310223193755     
   3.1415926535897934E-002  -31.115667236374662     
   6.2831853071795868E-002  -31.083754990938829     
   9.4247779607693788E-002  -31.029921212080577     
  0.12566370614359174       -30.953604400924512     
  0.15707963267948966       -30.853680560552885     
  0.18849555921538758       -30.729270586547983     
  0.21991148575128552       -30.579113213011645     
  0.25132741228718347       -30.402394030448395     
  0.28274333882308139       -30.198121168164334     
  0.31415926535897931       -29.965836014815611     
  0.34557519189487723       -29.705473738995163     
  0.37699111843077515       -29.470482379829033     
  0.40840704496667313       -29.215299403902026     
  0.43982297150257105       -28.930971120901482     
  0.47123889803846891       -28.617992953586381     
  0.50265482457436694       -28.285748196548113     
  0.53407075111026492       -27.980988521089309     
  0.56548667764616278       -27.646380232228932     
  0.59690260418206065       -27.284310996788609     
  0.62831853071795862       -26.897580163379409     
  0.65973445725385660       -26.489298608422370     
  0.69115038378975446       -26.062847317285271     
  0.72256631032565233       -25.644120783914325     
  0.75398223686155030       -25.217431517883544     
  0.78539816339744828       -24.775514020489631     
  0.81681408993334625       -24.322360667315806     
  0.84823001646924412       -23.861913877663163     
  0.87964594300514209       -23.397868882180539     
  0.91106186954104007       -22.933726849953231     
  0.94247779607693782       -22.472888932940855     
  0.97389372261283580       -22.018258836121117     
   1.0053096491487339       -21.572647830728087     
   1.0367255756846319       -21.142048505923086     
   1.0681415022205298       -20.747079292580192     
   1.0995574287564276       -20.369532061845277     
   1.1309733552923256       -20.010595592874850     
   1.1623892818282235       -19.671236722761474     
   1.1938052083641213       -19.352212952333556     
   1.2252211349000193       -19.054156833963201     
   1.2566370614359172       -18.777588808860322     
   1.2880529879718150       -18.523303007909423     
   1.3194689145077132       -18.313101496540288     
   1.3508848410436110       -18.123109675461219     
   1.3823007675795089       -17.952985284762182     
   1.4137166941154069       -17.802281160298122     
   1.4451326206513047       -17.670571690439399     
   1.4765485471872029       -17.557224463976294     
   1.5079644737231006       -17.461648236421983     
   1.5393804002589986       -17.383241209228416     
   1.5707963267948966       -17.321253990123076     
   1.6022122533307945       -17.275039537239440     
   1.6336281798666925       -17.243971714344081     
   1.6650441064025905       -17.227366336870524     
   1.6964600329384882       -17.224656552670279     
   1.7278759594743862       -17.235357022809218     
   1.7592918860102842       -17.258948273845895     
   1.7907078125461819       -17.295104692562521     
   1.8221237390820801       -17.343473367766538     
   1.8535396656179779       -17.403804598162264     
   1.8849555921538756       -17.475869726930039     
   1.9163715186897738       -17.559580367258839     
   1.9477874452256716       -17.654694498024586     
   1.9792033717615698       -17.768150340839934     
   2.0106192982974678       -17.911269323156013     
   2.0420352248333655       -18.067292784223934     
   2.0734511513692637       -18.235906781861875     
   2.1048670779051615       -18.416692034171273     
   2.1362830044410597       -18.609199055071709     
   2.1676989309769574       -18.814979808389278     
   2.1991148575128552       -19.073362048167617     
   2.2305307840487534       -19.343258106842125     
   2.2619467105846511       -19.623454058944862     
   2.2933626371205489       -19.930794555388065     
   2.3247785636564471       -20.287681260514642     
   2.3561944901923448       -20.652215796739529     
   2.3876104167282426       -21.022819988702373     
   2.4190263432641408       -21.454575409149239     
   2.4504422698000385       -21.906464555764355     
   2.4818581963359367       -22.358759105807145     
   2.5132741228718345       -22.891250630942846     
   2.5446900494077322       -23.423597838157526     
   2.5761059759436300       -23.972871840913641     
   2.6075219024795286       -24.583669767084036     
   2.6389378290154264       -25.178929548998138     
   2.6703537555513241       -25.777322822738185     
   2.7017696820872219       -26.436372954316848     
   2.7331856086231197       -27.066183968227687     
   2.7646015351590179       -27.727142993753979     
   2.7960174616949161       -28.390736941791747     
   2.8274333882308138       -29.008822249040989     
   2.8588493147667116       -29.586307756861508     
   2.8902652413026093       -30.197377054334929     
   2.9216811678385075       -30.744413007156368     
   2.9530970943744057       -31.224685752641356     
   2.9845130209103035       -31.635431716008341     
   3.0159289474462012       -32.024522188827049     
   3.0473448739820994       -32.336324999169918     
   3.0787608005179972       -32.560394296806983     
   3.1101767270538954       -32.723067932832031     
   3.1415926535897931       -32.740316689779242     
