   0.0000000000000000       -37.883264984209376     
   3.1415926535897934E-002  -37.864233663816208     
   6.2831853071795868E-002  -37.807156720825155     
   9.4247779607693788E-002  -37.712285522649864     
  0.12566370614359174       -37.579900780516908     
  0.15707963267948966       -37.410523049703365     
  0.18849555921538758       -37.204687131916415     
  0.21991148575128552       -36.963180730469816     
  0.25132741228718347       -36.686777237840118     
  0.28274333882308139       -36.376527696013170     
  0.31415926535897931       -36.033491444967495     
  0.34557519189487723       -35.658769265745896     
  0.37699111843077515       -35.253863248635916     
  0.40840704496667313       -34.820032528377531     
  0.43982297150257105       -34.371313902505364     
  0.47123889803846891       -33.901173247314524     
  0.50265482457436694       -33.407606466977221     
  0.53407075111026492       -32.892390284087661     
  0.56548667764616278       -32.357321573016435     
  0.59690260418206065       -31.804193061494331     
  0.62831853071795862       -31.234852332966646     
  0.65973445725385660       -30.651238098704091     
  0.69115038378975446       -30.055351890321173     
  0.72256631032565233       -29.449228787266616     
  0.75398223686155030       -28.834816133218471     
  0.78539816339744828       -28.214330118757875     
  0.81681408993334625       -27.589639164573089     
  0.84823001646924412       -26.962986682770431     
  0.87964594300514209       -26.336330621723853     
  0.91106186954104007       -25.711712394207783     
  0.94247779607693782       -25.091324158152176     
  0.97389372261283580       -24.477019360557279     
   1.0053096491487339       -23.890537253311827     
   1.0367255756846319       -23.314513699329403     
   1.0681415022205298       -22.749523494131317     
   1.0995574287564276       -22.197330197100669     
   1.1309733552923256       -21.659627016641512     
   1.1623892818282235       -21.138024121294805     
   1.1938052083641213       -20.634038960550892     
   1.2252211349000193       -20.149162047515158     
   1.2566370614359172       -19.684860828422625     
   1.2880529879718150       -19.242263333953876     
   1.3194689145077132       -18.822758870390604     
   1.3508848410436110       -18.427393774545255     
   1.3823007675795089       -18.057171136676637     
   1.4137166941154069       -17.712963411198245     
   1.4451326206513047       -17.395679388265126     
   1.4765485471872029       -17.105913844209020     
   1.5079644737231006       -16.844285747753275     
   1.5393804002589986       -16.611355695558352     
   1.5707963267948966       -16.407351612975091     
   1.6022122533307945       -16.232565081952885     
   1.6336281798666925       -16.087194965042848     
   1.6650441064025905       -15.971147929505282     
   1.6964600329384882       -15.884352722334548     
   1.7278759594743862       -15.826678618702855     
   1.7592918860102842       -15.797662136697115     
   1.7907078125461819       -15.796997932231992     
   1.8221237390820801       -15.824059322386660     
   1.8535396656179779       -15.878204934090967     
   1.8849555921538756       -15.958628746565957     
   1.9163715186897738       -16.064652489005145     
   1.9477874452256716       -16.195144585359195     
   1.9792033717615698       -16.352679510761483     
   2.0106192982974678       -16.553345213981469     
   2.0420352248333655       -16.776167425335512     
   2.0734511513692637       -17.019782649422396     
   2.1048670779051615       -17.282734160903640     
   2.1362830044410597       -17.563610434594626     
   2.1676989309769574       -17.860732119460124     
   2.1991148575128552       -18.174297763401217     
   2.2305307840487534       -18.530808135355421     
   2.2619467105846511       -18.898743201281697     
   2.2933626371205489       -19.276343188998048     
   2.3247785636564471       -19.661735831614351     
   2.3561944901923448       -20.052865263661587     
   2.3876104167282426       -20.448027021655314     
   2.4190263432641408       -20.845111622715379     
   2.4504422698000385       -21.242294884283055     
   2.4818581963359367       -21.654730675838469     
   2.5132741228718345       -22.078002905809942     
   2.5446900494077322       -22.494926255164696     
   2.5761059759436300       -22.903571547751973     
   2.6075219024795286       -23.301962610231694     
   2.6389378290154264       -23.688312229799799     
   2.6703537555513241       -24.060818930541988     
   2.7017696820872219       -24.417969664455438     
   2.7331856086231197       -24.757921777627896     
   2.7646015351590179       -25.079257872891908     
   2.7960174616949161       -25.380523931038013     
   2.8274333882308138       -25.663430901132116     
   2.8588493147667116       -25.938580555248599     
   2.8902652413026093       -26.188058834286817     
   2.9216811678385075       -26.410800318103359     
   2.9530970943744057       -26.605882110459483     
   2.9845130209103035       -26.772386261644812     
   3.0159289474462012       -26.909656055507128     
   3.0473448739820994       -27.017012702106932     
   3.0787608005179972       -27.094069584751225     
   3.1101767270538954       -27.158114289563208     
   3.1415926535897931       -27.155900724810088     
