   0.0000000000000000       -30.697493597483763     
   3.1415926535897934E-002  -30.685596148488877     
   6.2831853071795868E-002  -30.649914413654329     
   9.4247779607693788E-002  -30.590608498350946     
  0.12566370614359174       -30.507856728532083     
  0.15707963267948966       -30.401990444187536     
  0.18849555921538758       -30.273349541781617     
  0.21991148575128552       -30.122435297603445     
  0.25132741228718347       -29.949739263619605     
  0.28274333882308139       -29.755930225448676     
  0.31415926535897931       -29.541681729579381     
  0.34557519189487723       -29.307693310986341     
  0.37699111843077515       -29.054920936947696     
  0.40840704496667313       -28.784164463338598     
  0.43982297150257105       -28.496386428647625     
  0.47123889803846891       -28.192701415416280     
  0.50265482457436694       -27.874067206465011     
  0.53407075111026492       -27.541667631514901     
  0.56548667764616278       -27.196699286940348     
  0.59690260418206065       -26.840355170071614     
  0.62831853071795862       -26.473864469629682     
  0.65973445725385660       -26.098517033857185     
  0.69115038378975446       -25.715644304533051     
  0.72256631032565233       -25.326599601180693     
  0.75398223686155030       -24.932676378795772     
  0.78539816339744828       -24.535348629077895     
  0.81681408993334625       -24.135855221839861     
  0.84823001646924412       -23.737471366435649     
  0.87964594300514209       -23.348575857968207     
  0.91106186954104007       -22.961238582114408     
  0.94247779607693782       -22.576844628267992     
  0.97389372261283580       -22.196563274398152     
   1.0053096491487339       -21.821688075892901     
   1.0367255756846319       -21.453431185334356     
   1.0681415022205298       -21.092967603324464     
   1.0995574287564276       -20.741464904539363     
   1.1309733552923256       -20.400042963185353     
   1.1623892818282235       -20.069765430816723     
   1.1938052083641213       -19.751633240532652     
   1.2252211349000193       -19.446628910726105     
   1.2566370614359172       -19.155719170544053     
   1.2880529879718150       -18.879642021782118     
   1.3194689145077132       -18.619311131994898     
   1.3508848410436110       -18.375409091351486     
   1.3823007675795089       -18.148589200981476     
   1.4137166941154069       -17.939416666101707     
   1.4451326206513047       -17.748481019424766     
   1.4765485471872029       -17.576160295517962     
   1.5079644737231006       -17.422848725824483     
   1.5393804002589986       -17.288901180245212     
   1.5707963267948966       -17.174448537156383     
   1.6022122533307945       -17.079664504869317     
   1.6336281798666925       -17.004660375042977     
   1.6650441064025905       -16.949350762198058     
   1.6964600329384882       -16.915638733509734     
   1.7278759594743862       -16.914640703601659     
   1.7592918860102842       -16.933878087247383     
   1.7907078125461819       -16.973093751862180     
   1.8221237390820801       -17.031801666509391     
   1.8535396656179779       -17.109505599410138     
   1.8849555921538756       -17.205592227617942     
   1.9163715186897738       -17.319539672130674     
   1.9477874452256716       -17.450503208496485     
   1.9792033717615698       -17.602914484092896     
   2.0106192982974678       -17.792198699807329     
   2.0420352248333655       -17.996534058056952     
   2.0734511513692637       -18.214906630721895     
   2.1048670779051615       -18.446236992377628     
   2.1362830044410597       -18.689478588560021     
   2.1676989309769574       -18.952378434130623     
   2.1991148575128552       -19.246949884689336     
   2.2305307840487534       -19.549778700625648     
   2.2619467105846511       -19.859455076246956     
   2.2933626371205489       -20.174686455525453     
   2.3247785636564471       -20.494102046793238     
   2.3561944901923448       -20.816202624856334     
   2.3876104167282426       -21.149109101795975     
   2.4190263432641408       -21.503876402895614     
   2.4504422698000385       -21.856503749260021     
   2.4818581963359367       -22.205502319323706     
   2.5132741228718345       -22.549408131385505     
   2.5446900494077322       -22.886875693572087     
   2.5761059759436300       -23.216506744894591     
   2.6075219024795286       -23.536872039089715     
   2.6389378290154264       -23.849518208574359     
   2.6703537555513241       -24.171919207816039     
   2.7017696820872219       -24.480041947779050     
   2.7331856086231197       -24.772505121148328     
   2.7646015351590179       -25.048238014715963     
   2.7960174616949161       -25.306146672142798     
   2.8274333882308138       -25.545126416698011     
   2.8588493147667116       -25.764383851795944     
   2.8902652413026093       -25.962926127914034     
   2.9216811678385075       -26.139987298944305     
   2.9530970943744057       -26.294903426643938     
   2.9845130209103035       -26.427016875981529     
   3.0159289474462012       -26.535854657991294     
   3.0473448739820994       -26.620931320733739     
   3.0787608005179972       -26.681967614943559     
   3.1101767270538954       -26.730984897274766     
   3.1415926535897931       -26.730930211060517     
